time	V(vo)
0.000000000000000e+00	5.082766e-01
9.999999960041972e-13	5.082766e-01
1.999999992008394e-12	5.082766e-01
7.999999968033578e-12	5.082766e-01
3.199999987213431e-11	5.082766e-01
6.399999974426862e-11	5.082766e-01
1.279999994885372e-10	5.082766e-01
2.559999989770745e-10	5.082766e-01
5.119999979541490e-10	5.082766e-01
1.023999995908298e-09	5.082766e-01
2.047999991816596e-09	5.082766e-01
2.047999991816597e-08	5.082766e-01
3.891199984451533e-08	5.082766e-01
5.734399977086470e-08	5.082766e-01
7.577599969721407e-08	5.082766e-01
9.420799962356344e-08	5.082766e-01
1.126399995499128e-07	5.082766e-01
1.310719994762621e-07	5.082766e-01
2.310719994762621e-07	5.082766e-01
3.310719994762621e-07	5.082766e-01
4.310719994762621e-07	5.082766e-01
5.310719994762621e-07	5.082766e-01
7.310719994762621e-07	5.082766e-01
8.310719994762621e-07	5.082766e-01
9.310719994762621e-07	5.082766e-01
1.031071999476262e-06	5.082766e-01
1.131071999476262e-06	5.082766e-01
1.202500570904834e-06	5.082766e-01
1.273929142333405e-06	5.082766e-01
1.345357713761977e-06	5.082766e-01
1.416786285190548e-06	5.082766e-01
1.488214856619120e-06	5.082766e-01
1.559643428047692e-06	5.082766e-01
1.631071999476263e-06	5.082766e-01
1.831071999476263e-06	5.082766e-01
2.002500570904835e-06	5.082766e-01
2.173929142333406e-06	5.082766e-01
2.345357713761977e-06	5.082766e-01
2.516786285190548e-06	5.082766e-01
2.688214856619120e-06	5.082766e-01
2.859643428047691e-06	5.082766e-01
3.031071999476262e-06	5.082766e-01
9.999999999999999e-06	5.082766e-01
1.000000010000000e-05	5.082766e-01
1.000000030000000e-05	5.082766e-01
1.000000035000000e-05	5.082766e-01
1.000000045000000e-05	5.082766e-01
1.000000065000000e-05	5.082766e-01
1.000000100000000e-05	5.082766e-01
1.000000104000000e-05	5.082766e-01
1.000000112000000e-05	5.082766e-01
1.000000128000000e-05	5.082766e-01
1.000000160000000e-05	5.082766e-01
1.000000224000000e-05	5.082766e-01
1.000000338610377e-05	5.082766e-01
1.000000461445799e-05	5.082766e-01
1.000000584937027e-05	5.082766e-01
1.000000726381576e-05	5.082766e-01
1.000000913056061e-05	5.082766e-01
1.000001201005885e-05	5.082766e-01
1.000001552798582e-05	5.082766e-01
1.000002014825939e-05	5.082766e-01
1.000002435918763e-05	5.082766e-01
1.000003069346582e-05	5.082766e-01
1.000003978120436e-05	5.082766e-01
1.000005795668143e-05	5.082766e-01
1.000007649889872e-05	5.082766e-01
1.000010517716052e-05	5.082766e-01
1.000015175815706e-05	5.082766e-01
1.000024492015013e-05	5.082767e-01
1.000033021121120e-05	5.082768e-01
1.000045453154016e-05	5.082768e-01
1.000059340088488e-05	5.082768e-01
1.000087113957432e-05	5.082768e-01
1.000114017589096e-05	5.082768e-01
1.000163024602975e-05	5.082768e-01
1.000225594266715e-05	5.082768e-01
1.000350733594195e-05	5.082770e-01
1.000534514479981e-05	5.082772e-01
1.000788953780830e-05	5.082774e-01
1.001123475986335e-05	5.082775e-01
1.001790090983907e-05	5.082776e-01
1.003123320979051e-05	5.082776e-01
1.004529691435298e-05	5.082774e-01
1.007342432347792e-05	5.082772e-01
1.012967914172780e-05	5.082793e-01
1.022967914172780e-05	5.082940e-01
1.032937646074539e-05	5.083278e-01
1.042937646074539e-05	5.083860e-01
1.052937646074539e-05	5.084665e-01
1.062937646074539e-05	5.085639e-01
1.072774401276539e-05	5.086705e-01
1.082521236402864e-05	5.087817e-01
1.092521236402864e-05	5.088974e-01
1.102521236402865e-05	5.090122e-01
1.112521236402865e-05	5.091242e-01
1.122521236402865e-05	5.092325e-01
1.132521236402865e-05	5.093371e-01
1.142521236402865e-05	5.094380e-01
1.152521236402865e-05	5.095361e-01
1.162521236402865e-05	5.096318e-01
1.172521236402865e-05	5.097260e-01
1.192521236402865e-05	5.099121e-01
1.218750189703373e-05	5.101554e-01
1.248429180026349e-05	5.104303e-01
1.275572037169206e-05	5.106792e-01
1.302714894312064e-05	5.109245e-01
1.329857751454921e-05	5.111663e-01
1.357000608597778e-05	5.114045e-01
1.384143465740636e-05	5.116391e-01
1.411286322883493e-05	5.118702e-01
1.438429180026350e-05	5.120977e-01
1.584143465740635e-05	5.132533e-01
1.729857751454920e-05	5.143376e-01
1.875572037169204e-05	5.153507e-01
2.021286322883488e-05	5.162925e-01
2.167000608597773e-05	5.171631e-01
2.312714894312058e-05	5.179624e-01
2.458429180026342e-05	5.186905e-01
2.619857751454914e-05	5.194378e-01
2.781286322883487e-05	5.201353e-01
2.942714894312059e-05	5.207829e-01
3.104143465740632e-05	5.213807e-01
3.265572037169204e-05	5.219286e-01
3.427000608597777e-05	5.224267e-01
3.588429180026349e-05	5.228750e-01
3.758429180026354e-05	5.233109e-01
3.928429180026358e-05	5.237166e-01
4.098429180026362e-05	5.240920e-01
4.268429180026366e-05	5.244372e-01
4.438429180026371e-05	5.247521e-01
4.608429180026375e-05	5.250368e-01
4.778429180026378e-05	5.252912e-01
4.952714894312097e-05	5.255318e-01
5.127000608597815e-05	5.257553e-01
5.301286322883534e-05	5.259618e-01
5.475572037169253e-05	5.261514e-01
5.649857751454971e-05	5.263239e-01
5.824143465740690e-05	5.264794e-01
5.998429180026408e-05	5.266179e-01
6.174143465740698e-05	5.267466e-01
6.349857751454988e-05	5.268662e-01
6.525572037169278e-05	5.269766e-01
6.701286322883568e-05	5.270778e-01
6.877000608597857e-05	5.271699e-01
7.052714894312148e-05	5.272528e-01
7.228429180026437e-05	5.273265e-01
7.404143465740727e-05	5.273945e-01
7.579857751455017e-05	5.274577e-01
7.755572037169307e-05	5.275161e-01
7.931286322883598e-05	5.275696e-01
8.107000608597887e-05	5.276182e-01
8.282714894312178e-05	5.276620e-01
8.458429180026467e-05	5.277010e-01
8.625572037169328e-05	5.277353e-01
8.792714894312190e-05	5.277673e-01
8.959857751455051e-05	5.277969e-01
9.127000608597912e-05	5.278242e-01
9.294143465740774e-05	5.278491e-01
9.461286322883635e-05	5.278716e-01
9.628429180026496e-05	5.278919e-01
9.638429180026496e-05	5.278930e-01
9.814143465740785e-05	5.279125e-01
9.989857751455076e-05	5.279306e-01
1.016557203716937e-04	5.279473e-01
1.034128632288366e-04	5.279627e-01
1.051700060859795e-04	5.279766e-01
1.069271489431224e-04	5.279892e-01
1.086842918002653e-04	5.280004e-01
1.104414346574082e-04	5.280107e-01
1.121985775145511e-04	5.280202e-01
1.139557203716940e-04	5.280291e-01
1.157128632288369e-04	5.280372e-01
1.174700060859798e-04	5.280445e-01
1.192271489431227e-04	5.280511e-01
1.209842918002656e-04	5.280570e-01
1.227557203716942e-04	5.280625e-01
1.245271489431228e-04	5.280676e-01
1.262985775145514e-04	5.280723e-01
1.280700060859800e-04	5.280766e-01
1.298414346574086e-04	5.280805e-01
1.316128632288372e-04	5.280841e-01
1.333842918002658e-04	5.280872e-01
1.351557203716945e-04	5.280901e-01
1.369271489431231e-04	5.280928e-01
1.386985775145517e-04	5.280952e-01
1.404700060859803e-04	5.280975e-01
1.422414346574089e-04	5.280995e-01
1.440128632288375e-04	5.281014e-01
1.457842918002661e-04	5.281030e-01
1.475700060859805e-04	5.281045e-01
1.493557203716948e-04	5.281060e-01
1.511414346574091e-04	5.281073e-01
1.529271489431235e-04	5.281085e-01
1.547128632288378e-04	5.281096e-01
1.564985775145521e-04	5.281105e-01
1.582842918002664e-04	5.281114e-01
1.600985775145522e-04	5.281122e-01
1.619128632288380e-04	5.281130e-01
1.637271489431237e-04	5.281136e-01
1.655414346574095e-04	5.281143e-01
1.673557203716952e-04	5.281148e-01
1.691700060859810e-04	5.281154e-01
1.709842918002668e-04	5.281158e-01
1.728414346574097e-04	5.281162e-01
1.746985775145526e-04	5.281166e-01
1.765557203716955e-04	5.281170e-01
1.784128632288384e-04	5.281173e-01
1.802700060859813e-04	5.281176e-01
1.821271489431242e-04	5.281179e-01
1.839842918002671e-04	5.281181e-01
1.859271489431243e-04	5.281184e-01
1.878700060859815e-04	5.281186e-01
1.898128632288386e-04	5.281188e-01
1.917557203716958e-04	5.281189e-01
1.936985775145530e-04	5.281191e-01
1.956414346574102e-04	5.281193e-01
1.975842918002674e-04	5.281194e-01
1.987842918002674e-04	5.281194e-01
2.009128632288389e-04	5.281196e-01
2.030414346574104e-04	5.281197e-01
2.051700060859819e-04	5.281198e-01
2.072985775145534e-04	5.281198e-01
2.094271489431248e-04	5.281199e-01
2.115557203716963e-04	5.281200e-01
2.136842918002678e-04	5.281200e-01
2.161700060859822e-04	5.281201e-01
2.186557203716965e-04	5.281202e-01
2.211414346574108e-04	5.281202e-01
2.236271489431252e-04	5.281202e-01
2.261128632288395e-04	5.281203e-01
2.285985775145539e-04	5.281203e-01
2.310842918002682e-04	5.281203e-01
2.343128632288397e-04	5.281204e-01
2.375414346574112e-04	5.281204e-01
2.407700060859827e-04	5.281204e-01
2.439985775145542e-04	5.281205e-01
2.472271489431257e-04	5.281205e-01
2.504557203716973e-04	5.281205e-01
2.536842918002687e-04	5.281205e-01
2.586128632288403e-04	5.281205e-01
2.635414346574118e-04	5.281205e-01
2.684700060859834e-04	5.281205e-01
2.733985775145550e-04	5.281205e-01
2.783271489431265e-04	5.281205e-01
2.832557203716981e-04	5.281206e-01
2.881842918002696e-04	5.281206e-01
3.011842918002699e-04	5.281206e-01
3.157985775145560e-04	5.281206e-01
3.304128632288421e-04	5.281206e-01
3.450271489431282e-04	5.281206e-01
3.596414346574142e-04	5.281206e-01
3.742557203717003e-04	5.281206e-01
3.888700060859864e-04	5.281206e-01
4.034842918002724e-04	5.281206e-01
4.035842918002724e-04	5.281206e-01
4.099716330109021e-04	5.281206e-01
4.100000010000000e-04	5.281206e-01
4.100000011000000e-04	5.281206e-01
4.100000013000000e-04	5.281206e-01
4.100000017000000e-04	5.281206e-01
4.100000020000000e-04	5.281206e-01
4.100000020719045e-04	5.281206e-01
4.100000022157137e-04	5.281206e-01
4.100000025033320e-04	5.281206e-01
4.100000025752366e-04	5.281206e-01
4.100000027190457e-04	5.281206e-01
4.100000030066640e-04	5.281206e-01
4.100000035819006e-04	5.281206e-01
4.100000047323738e-04	5.281206e-01
4.100000058584186e-04	5.281206e-01
4.100000072406920e-04	5.281206e-01
4.100000086810173e-04	5.281206e-01
4.100000108479919e-04	5.281206e-01
4.100000140134144e-04	5.281206e-01
4.100000174101496e-04	5.281206e-01
4.100000220771754e-04	5.281206e-01
4.100000264709705e-04	5.281206e-01
4.100000335523901e-04	5.281206e-01
4.100000441049199e-04	5.281206e-01
4.100000624205501e-04	5.281206e-01
4.100000817565589e-04	5.281206e-01
4.100001133926567e-04	5.281205e-01
4.100001733888947e-04	5.281205e-01
4.100002622058673e-04	5.281205e-01
4.100003571654315e-04	5.281204e-01
4.100004790874922e-04	5.281204e-01
4.100006414664896e-04	5.281204e-01
4.100009338923053e-04	5.281204e-01
4.100012286712473e-04	5.281204e-01
4.100016469147466e-04	5.281204e-01
4.100022068260034e-04	5.281203e-01
4.100033266485172e-04	5.281202e-01
4.100055662935447e-04	5.281200e-01
4.100079659071637e-04	5.281198e-01
4.100116501507836e-04	5.281196e-01
4.100172155376509e-04	5.281196e-01
4.100283463113855e-04	5.281196e-01
4.100427316357883e-04	5.281197e-01
4.100715022845939e-04	5.281199e-01
4.101290435822051e-04	5.281177e-01
4.102286420105996e-04	5.281019e-01
4.103286420105996e-04	5.280629e-01
4.104286420105996e-04	5.279915e-01
4.105286420105996e-04	5.278878e-01
4.106023899970094e-04	5.277925e-01
4.106774935631572e-04	5.276839e-01
4.107487945734833e-04	5.275782e-01
4.108487945734834e-04	5.274364e-01
4.109487945734834e-04	5.273097e-01
4.110487945734834e-04	5.272011e-01
4.111228451517908e-04	5.271325e-01
4.111879682114358e-04	5.270793e-01
4.112530565296085e-04	5.270302e-01
4.113253022363352e-04	5.269770e-01
4.114253022363352e-04	5.269012e-01
4.115253022363352e-04	5.268196e-01
4.116253022363352e-04	5.267304e-01
4.117049628852432e-04	5.266535e-01
4.117729833578978e-04	5.265841e-01
4.118415527207130e-04	5.265122e-01
4.119178569971696e-04	5.264315e-01
4.120178569971696e-04	5.263273e-01
4.121178569971696e-04	5.262266e-01
4.122178569971696e-04	5.261307e-01
4.123178569971696e-04	5.260391e-01
4.123871817111516e-04	5.259778e-01
4.124621806855159e-04	5.259131e-01
4.125334060543121e-04	5.258520e-01
4.126334060543121e-04	5.257658e-01
4.127334060543121e-04	5.256785e-01
4.128334060543121e-04	5.255898e-01
4.129041539733685e-04	5.255260e-01
4.129762167551999e-04	5.254604e-01
4.130448240300376e-04	5.253978e-01
4.131448240300376e-04	5.253067e-01
4.132448240300376e-04	5.252163e-01
4.133448240300376e-04	5.251274e-01
4.134448240300376e-04	5.250398e-01
4.135448240300376e-04	5.249535e-01
4.136448240300376e-04	5.248682e-01
4.138246687434686e-04	5.247163e-01
4.139246687434686e-04	5.246320e-01
4.140246687434686e-04	5.245478e-01
4.141246687434686e-04	5.244635e-01
4.142246687434686e-04	5.243793e-01
4.145246687434686e-04	5.241293e-01
4.146246687434686e-04	5.240471e-01
4.148246687434686e-04	5.238847e-01
4.149532401720400e-04	5.237813e-01
4.150818116006115e-04	5.236785e-01
4.152103830291829e-04	5.235762e-01
4.153389544577544e-04	5.234746e-01
4.154675258863258e-04	5.233736e-01
4.155960973148973e-04	5.232731e-01
4.157246687434687e-04	5.231733e-01
4.158532401720401e-04	5.230743e-01
4.159818116006115e-04	5.229760e-01
4.161103830291829e-04	5.228784e-01
4.162389544577544e-04	5.227813e-01
4.163675258863258e-04	5.226850e-01
4.164960973148973e-04	5.225893e-01
4.166246687434687e-04	5.224942e-01
4.172532401720401e-04	5.220393e-01
4.178818116006116e-04	5.215980e-01
4.185103830291830e-04	5.211701e-01
4.191389544577545e-04	5.207558e-01
4.197675258863259e-04	5.203550e-01
4.203960973148974e-04	5.199676e-01
4.210246687434688e-04	5.195938e-01
4.223675258863260e-04	5.188404e-01
4.237103830291831e-04	5.181302e-01
4.250532401720403e-04	5.174632e-01
4.263960973148975e-04	5.168395e-01
4.277389544577547e-04	5.162591e-01
4.290818116006119e-04	5.157219e-01
4.304246687434690e-04	5.152279e-01
4.320960973148977e-04	5.146596e-01
4.337675258863262e-04	5.141302e-01
4.354389544577549e-04	5.136396e-01
4.371103830291835e-04	5.131880e-01
4.387818116006121e-04	5.127752e-01
4.404532401720407e-04	5.124013e-01
4.421246687434693e-04	5.120663e-01
4.438532401720408e-04	5.117467e-01
4.455818116006123e-04	5.114495e-01
4.473103830291837e-04	5.111747e-01
4.490389544577552e-04	5.109224e-01
4.507675258863266e-04	5.106926e-01
4.524960973148981e-04	5.104852e-01
4.542246687434696e-04	5.103002e-01
4.559818116006125e-04	5.101269e-01
4.577389544577554e-04	5.099659e-01
4.594960973148983e-04	5.098173e-01
4.612532401720412e-04	5.096809e-01
4.630103830291841e-04	5.095570e-01
4.647675258863270e-04	5.094453e-01
4.665246687434699e-04	5.093460e-01
4.682818116006128e-04	5.092544e-01
4.700389544577557e-04	5.091693e-01
4.717960973148986e-04	5.090908e-01
4.735532401720415e-04	5.090187e-01
4.753103830291844e-04	5.089532e-01
4.770675258863273e-04	5.088942e-01
4.788246687434702e-04	5.088417e-01
4.805818116006129e-04	5.087933e-01
4.823389544577555e-04	5.087484e-01
4.840960973148982e-04	5.087068e-01
4.858532401720409e-04	5.086688e-01
4.876103830291836e-04	5.086341e-01
4.893675258863262e-04	5.086030e-01
4.911246687434689e-04	5.085752e-01
4.924960973148967e-04	5.085549e-01
4.938675258863247e-04	5.085358e-01
4.952389544577525e-04	5.085179e-01
4.966103830291804e-04	5.085012e-01
4.979818116006082e-04	5.084856e-01
4.993532401720361e-04	5.084713e-01
5.007246687434640e-04	5.084581e-01
5.008246687434639e-04	5.084572e-01
5.025818116006058e-04	5.084417e-01
5.043389544577478e-04	5.084273e-01
5.060960973148897e-04	5.084141e-01
5.078532401720317e-04	5.084019e-01
5.096103830291737e-04	5.083908e-01
5.113675258863156e-04	5.083809e-01
5.131246687434575e-04	5.083720e-01
5.148960973148851e-04	5.083638e-01
5.166675258863129e-04	5.083561e-01
5.184389544577405e-04	5.083491e-01
5.202103830291682e-04	5.083426e-01
5.219818116005958e-04	5.083368e-01
5.237532401720235e-04	5.083315e-01
5.255246687434511e-04	5.083268e-01
5.272960973148787e-04	5.083224e-01
5.290675258863064e-04	5.083184e-01
5.308389544577340e-04	5.083147e-01
5.326103830291618e-04	5.083113e-01
5.343818116005894e-04	5.083082e-01
5.361532401720171e-04	5.083054e-01
5.379246687434447e-04	5.083029e-01
5.396960973148723e-04	5.083007e-01
5.414675258863000e-04	5.082986e-01
5.432389544577276e-04	5.082966e-01
5.450103830291553e-04	5.082948e-01
5.467818116005829e-04	5.082932e-01
5.485532401720107e-04	5.082918e-01
5.503246687434383e-04	5.082905e-01
5.521246687434373e-04	5.082893e-01
5.539246687434364e-04	5.082881e-01
5.557246687434355e-04	5.082871e-01
5.575246687434345e-04	5.082861e-01
5.593246687434336e-04	5.082853e-01
5.611246687434327e-04	5.082845e-01
5.629246687434317e-04	5.082838e-01
5.647532401720023e-04	5.082832e-01
5.665818116005727e-04	5.082826e-01
5.684103830291432e-04	5.082820e-01
5.702389544577136e-04	5.082815e-01
5.720675258862842e-04	5.082811e-01
5.738960973148546e-04	5.082806e-01
5.757246687434251e-04	5.082803e-01
5.776103830291385e-04	5.082799e-01
5.794960973148517e-04	5.082796e-01
5.813818116005650e-04	5.082793e-01
5.832675258862784e-04	5.082791e-01
5.851532401719917e-04	5.082788e-01
5.870389544577049e-04	5.082786e-01
5.889246687434183e-04	5.082784e-01
5.909246687434172e-04	5.082783e-01
5.929246687434162e-04	5.082781e-01
5.949246687434152e-04	5.082780e-01
5.969246687434141e-04	5.082778e-01
5.989246687434131e-04	5.082777e-01
6.009246687434121e-04	5.082776e-01
6.029246687434110e-04	5.082775e-01
6.032246687434109e-04	5.082775e-01
6.054532401719812e-04	5.082774e-01
6.076818116005514e-04	5.082773e-01
6.099103830291217e-04	5.082772e-01
6.121389544576919e-04	5.082771e-01
6.143675258862623e-04	5.082771e-01
6.165960973148325e-04	5.082770e-01
6.188246687434028e-04	5.082770e-01
6.214960973148299e-04	5.082769e-01
6.241675258862572e-04	5.082769e-01
6.268389544576843e-04	5.082768e-01
6.295103830291116e-04	5.082768e-01
6.321818116005387e-04	5.082768e-01
6.348532401719660e-04	5.082767e-01
6.375246687433931e-04	5.082767e-01
6.411675258862484e-04	5.082767e-01
6.448103830291037e-04	5.082767e-01
6.484532401719589e-04	5.082766e-01
6.520960973148141e-04	5.082766e-01
6.557389544576694e-04	5.082766e-01
6.593818116005246e-04	5.082766e-01
6.630246687433799e-04	5.082766e-01
6.690532401719483e-04	5.082766e-01
6.750818116005165e-04	5.082766e-01
6.811103830290849e-04	5.082766e-01
6.871389544576531e-04	5.082766e-01
6.931675258862215e-04	5.082766e-01
6.991960973147898e-04	5.082766e-01
7.052246687433581e-04	5.082766e-01
7.056246687433579e-04	5.082766e-01
7.202389544576360e-04	5.082766e-01
7.348532401719142e-04	5.082766e-01
7.494675258861923e-04	5.082766e-01
7.640818116004704e-04	5.082766e-01
7.786960973147487e-04	5.082766e-01
7.933103830290268e-04	5.082766e-01
8.079246687433049e-04	5.082766e-01
8.080246687433048e-04	5.082766e-01
8.099000000000000e-04	5.082766e-01
8.100000000000000e-04	5.082766e-01
8.100000000999999e-04	5.082766e-01
8.100000002999999e-04	5.082766e-01
8.100000003499999e-04	5.082766e-01
8.100000004499999e-04	5.082766e-01
8.100000006499999e-04	5.082766e-01
8.100000010000000e-04	5.082766e-01
8.100000010400000e-04	5.082766e-01
8.100000011200000e-04	5.082766e-01
8.100000012800000e-04	5.082766e-01
8.100000016000000e-04	5.082766e-01
8.100000022400000e-04	5.082766e-01
8.100000033861036e-04	5.082766e-01
8.100000046144578e-04	5.082766e-01
8.100000058493699e-04	5.082766e-01
8.100000072638153e-04	5.082766e-01
8.100000091305597e-04	5.082766e-01
8.100000120100566e-04	5.082766e-01
8.100000155279856e-04	5.082766e-01
8.100000201482596e-04	5.082766e-01
8.100000243591890e-04	5.082766e-01
8.100000306934664e-04	5.082766e-01
8.100000397812078e-04	5.082766e-01
8.100000579566907e-04	5.082766e-01
8.100000764989036e-04	5.082766e-01
8.100001051771726e-04	5.082766e-01
8.100001517581742e-04	5.082766e-01
8.100002449201774e-04	5.082767e-01
8.100003302112347e-04	5.082768e-01
8.100004545315853e-04	5.082768e-01
8.100005934009300e-04	5.082768e-01
8.100008711396195e-04	5.082768e-01
8.100011401759524e-04	5.082768e-01
8.100016302461495e-04	5.082768e-01
8.100022559432503e-04	5.082768e-01
8.100035073374520e-04	5.082770e-01
8.100053451462477e-04	5.082772e-01
8.100078895400952e-04	5.082774e-01
8.100112347627728e-04	5.082775e-01
8.100179009189477e-04	5.082776e-01
8.100312332312976e-04	5.082776e-01
8.100452969392242e-04	5.082774e-01
8.100734243550775e-04	5.082772e-01
8.101296791867840e-04	5.082793e-01
8.102296791867839e-04	5.082940e-01
8.103293765187283e-04	5.083279e-01
8.104293765187283e-04	5.083860e-01
8.105293765187282e-04	5.084665e-01
8.106293765187282e-04	5.085639e-01
8.107277440711408e-04	5.086705e-01
8.108252124560166e-04	5.087817e-01
8.109252124560165e-04	5.088974e-01
8.110252124560165e-04	5.090122e-01
8.111252124560164e-04	5.091242e-01
8.112252124560164e-04	5.092325e-01
8.113252124560163e-04	5.093371e-01
8.114252124560163e-04	5.094380e-01
8.115252124560162e-04	5.095361e-01
8.116252124560162e-04	5.096318e-01
8.117252124560161e-04	5.097260e-01
8.119252124560160e-04	5.099121e-01
8.121875019922652e-04	5.101554e-01
8.124842921446066e-04	5.104303e-01
8.127557207160350e-04	5.106792e-01
8.130271492874635e-04	5.109245e-01
8.132985778588919e-04	5.111663e-01
8.135700064303204e-04	5.114045e-01
8.138414350017487e-04	5.116391e-01
8.141128635731772e-04	5.118702e-01
8.143842921446056e-04	5.120977e-01
8.158414350017477e-04	5.132533e-01
8.172985778588898e-04	5.143376e-01
8.187557207160319e-04	5.153507e-01
8.202128635731741e-04	5.162925e-01
8.216700064303162e-04	5.171631e-01
8.231271492874583e-04	5.179624e-01
8.245842921446003e-04	5.186905e-01
8.261985778588852e-04	5.194378e-01
8.278128635731701e-04	5.201353e-01
8.294271492874550e-04	5.207829e-01
8.310414350017398e-04	5.213807e-01
8.326557207160247e-04	5.219286e-01
8.342700064303096e-04	5.224267e-01
8.358842921445945e-04	5.228750e-01
8.375842921445936e-04	5.233109e-01
8.392842921445927e-04	5.237166e-01
8.409842921445919e-04	5.240920e-01
8.426842921445910e-04	5.244372e-01
8.443842921445901e-04	5.247521e-01
8.460842921445892e-04	5.250368e-01
8.477842921445883e-04	5.252912e-01
8.495271492874446e-04	5.255318e-01
8.512700064303008e-04	5.257553e-01
8.530128635731571e-04	5.259618e-01
8.547557207160132e-04	5.261514e-01
8.564985778588695e-04	5.263239e-01
8.582414350017258e-04	5.264794e-01
8.599842921445820e-04	5.266179e-01
8.617414350017239e-04	5.267466e-01
8.634985778588659e-04	5.268662e-01
8.652557207160078e-04	5.269766e-01
8.670128635731499e-04	5.270778e-01
8.687700064302918e-04	5.271699e-01
8.705271492874337e-04	5.272528e-01
8.722842921445756e-04	5.273265e-01
8.740414350017176e-04	5.273945e-01
8.757985778588595e-04	5.274577e-01
8.775557207160014e-04	5.275161e-01
8.793128635731435e-04	5.275696e-01
8.810700064302854e-04	5.276182e-01
8.828271492874273e-04	5.276620e-01
8.845842921445693e-04	5.277010e-01
8.863414350017112e-04	5.277369e-01
8.880985778588531e-04	5.277703e-01
8.898557207159951e-04	5.278011e-01
8.916128635731371e-04	5.278294e-01
8.933700064302790e-04	5.278551e-01
8.951271492874210e-04	5.278783e-01
8.968842921445629e-04	5.278988e-01
8.981985778588479e-04	5.279133e-01
8.995128635731330e-04	5.279270e-01
9.008271492874180e-04	5.279398e-01
9.021414350017030e-04	5.279518e-01
9.034557207159880e-04	5.279630e-01
9.047700064302731e-04	5.279734e-01
9.060842921445581e-04	5.279830e-01
9.061842921445581e-04	5.279837e-01
9.079414350017000e-04	5.279954e-01
9.096985778588420e-04	5.280063e-01
9.114557207159839e-04	5.280164e-01
9.132128635731259e-04	5.280256e-01
9.149700064302679e-04	5.280340e-01
9.167271492874098e-04	5.280415e-01
9.184842921445517e-04	5.280482e-01
9.202557207159793e-04	5.280545e-01
9.220271492874070e-04	5.280603e-01
9.237985778588347e-04	5.280656e-01
9.255700064302624e-04	5.280705e-01
9.273414350016900e-04	5.280750e-01
9.291128635731177e-04	5.280790e-01
9.308842921445453e-04	5.280825e-01
9.326557207159729e-04	5.280858e-01
9.344271492874006e-04	5.280889e-01
9.361985778588282e-04	5.280917e-01
9.379700064302560e-04	5.280942e-01
9.397414350016836e-04	5.280966e-01
9.415128635731113e-04	5.280987e-01
9.432842921445389e-04	5.281006e-01
9.450700064302523e-04	5.281023e-01
9.468557207159656e-04	5.281039e-01
9.486414350016790e-04	5.281054e-01
9.504271492873923e-04	5.281068e-01
9.522128635731057e-04	5.281080e-01
9.539985778588190e-04	5.281091e-01
9.557842921445324e-04	5.281101e-01
9.575842921445315e-04	5.281110e-01
9.593842921445305e-04	5.281119e-01
9.611842921445296e-04	5.281126e-01
9.629842921445287e-04	5.281134e-01
9.647842921445278e-04	5.281140e-01
9.665842921445268e-04	5.281146e-01
9.683842921445259e-04	5.281152e-01
9.702271492873828e-04	5.281156e-01
9.720700064302397e-04	5.281161e-01
9.739128635730967e-04	5.281165e-01
9.757557207159535e-04	5.281169e-01
9.775985778588104e-04	5.281172e-01
9.794414350016674e-04	5.281175e-01
9.812842921445243e-04	5.281178e-01
9.832128635730967e-04	5.281180e-01
9.851414350016694e-04	5.281183e-01
9.870700064302418e-04	5.281185e-01
9.889985778588144e-04	5.281187e-01
9.909271492873869e-04	5.281189e-01
9.928557207159595e-04	5.281191e-01
9.947842921445319e-04	5.281192e-01
9.967414350016759e-04	5.281193e-01
9.986985778588199e-04	5.281195e-01
1.000655720715964e-03	5.281196e-01
1.002612863573108e-03	5.281197e-01
1.004570006430252e-03	5.281198e-01
1.006527149287396e-03	5.281198e-01
1.008484292144540e-03	5.281199e-01
1.008584292144540e-03	5.281199e-01
1.010927149287398e-03	5.281200e-01
1.013270006430257e-03	5.281200e-01
1.015612863573115e-03	5.281201e-01
1.017955720715974e-03	5.281201e-01
1.020298577858832e-03	5.281202e-01
1.022641435001691e-03	5.281202e-01
1.024984292144549e-03	5.281203e-01
1.027912863573122e-03	5.281203e-01
1.030841435001695e-03	5.281204e-01
1.033770006430268e-03	5.281204e-01
1.036698577858841e-03	5.281204e-01
1.039627149287414e-03	5.281204e-01
1.042555720715988e-03	5.281204e-01
1.045484292144561e-03	5.281205e-01
1.049684292144563e-03	5.281205e-01
1.053884292144565e-03	5.281205e-01
1.058084292144568e-03	5.281205e-01
1.062284292144570e-03	5.281205e-01
1.066484292144573e-03	5.281205e-01
1.070684292144575e-03	5.281206e-01
1.074884292144577e-03	5.281206e-01
1.080027149287437e-03	5.281206e-01
1.085170006430297e-03	5.281206e-01
1.090312863573157e-03	5.281206e-01
1.095455720716018e-03	5.281206e-01
1.100598577858878e-03	5.281206e-01
1.105741435001738e-03	5.281206e-01
1.110884292144598e-03	5.281206e-01
1.110984292144598e-03	5.281206e-01
1.125125342807678e-03	5.281206e-01
1.139266393470758e-03	5.281206e-01
1.153407444133838e-03	5.281206e-01
1.167548494796917e-03	5.281206e-01
1.181689545459997e-03	5.281206e-01
1.195830596123077e-03	5.281206e-01
1.209971646786157e-03	5.281206e-01
1.210000001000000e-03	5.281206e-01
1.210000001100000e-03	5.281206e-01
1.210000001300000e-03	5.281206e-01
1.210000001700000e-03	5.281206e-01
1.210000002000000e-03	5.281206e-01
1.210000002071904e-03	5.281206e-01
1.210000002215714e-03	5.281206e-01
1.210000002503332e-03	5.281206e-01
1.210000002575237e-03	5.281206e-01
1.210000002719046e-03	5.281206e-01
1.210000003006664e-03	5.281206e-01
1.210000003581901e-03	5.281206e-01
1.210000004732374e-03	5.281206e-01
1.210000005858419e-03	5.281206e-01
1.210000007240693e-03	5.281206e-01
1.210000008681018e-03	5.281206e-01
1.210000010847993e-03	5.281206e-01
1.210000014013417e-03	5.281206e-01
1.210000017410152e-03	5.281206e-01
1.210000022077178e-03	5.281206e-01
1.210000026470973e-03	5.281206e-01
1.210000033552395e-03	5.281206e-01
1.210000044104929e-03	5.281206e-01
1.210000062420560e-03	5.281206e-01
1.210000081756572e-03	5.281206e-01
1.210000113392678e-03	5.281205e-01
1.210000173388959e-03	5.281205e-01
1.210000262205987e-03	5.281205e-01
1.210000357165554e-03	5.281204e-01
1.210000479087657e-03	5.281204e-01
1.210000641466704e-03	5.281204e-01
1.210000933892529e-03	5.281204e-01
1.210001228671590e-03	5.281204e-01
1.210001646915113e-03	5.281204e-01
1.210002206826800e-03	5.281203e-01
1.210003326650175e-03	5.281202e-01
1.210005566296924e-03	5.281200e-01
1.210007965910552e-03	5.281198e-01
1.210011650156644e-03	5.281196e-01
1.210017215547429e-03	5.281196e-01
1.210028346328999e-03	5.281196e-01
1.210042731658041e-03	5.281197e-01
1.210071502316123e-03	5.281199e-01
1.210129043632289e-03	5.281177e-01
1.210228642065639e-03	5.281019e-01
1.210328642065639e-03	5.280629e-01
1.210428642065639e-03	5.279915e-01
1.210528642065639e-03	5.278878e-01
1.210602390033814e-03	5.277925e-01
1.210677493581055e-03	5.276839e-01
1.210748794607434e-03	5.275782e-01
1.210848794607434e-03	5.274364e-01
1.210948794607434e-03	5.273097e-01
1.211048794607434e-03	5.272011e-01
1.211122845175086e-03	5.271325e-01
1.211187968204186e-03	5.270793e-01
1.211253056491670e-03	5.270302e-01
1.211325302237257e-03	5.269770e-01
1.211425302237257e-03	5.269012e-01
1.211525302237257e-03	5.268196e-01
1.211625302237257e-03	5.267304e-01
1.211704962884672e-03	5.266535e-01
1.211772983289755e-03	5.265841e-01
1.211841552586590e-03	5.265122e-01
1.211917856835157e-03	5.264315e-01
1.212017856835157e-03	5.263273e-01
1.212117856835157e-03	5.262266e-01
1.212217856835157e-03	5.261307e-01
1.212317856835157e-03	5.260391e-01
1.212387181398485e-03	5.259778e-01
1.212462180522173e-03	5.259131e-01
1.212533406030883e-03	5.258520e-01
1.212633406030883e-03	5.257658e-01
1.212733406030883e-03	5.256785e-01
1.212833406030883e-03	5.255898e-01
1.212904154232631e-03	5.255260e-01
1.212976217283594e-03	5.254604e-01
1.213044824683067e-03	5.253978e-01
1.213144824683067e-03	5.253067e-01
1.213244824683067e-03	5.252163e-01
1.213344824683067e-03	5.251274e-01
1.213444824683067e-03	5.250398e-01
1.213544824683067e-03	5.249535e-01
1.213644824683067e-03	5.248682e-01
1.213824669540364e-03	5.247163e-01
1.213924669540364e-03	5.246320e-01
1.214024669540364e-03	5.245478e-01
1.214124669540364e-03	5.244635e-01
1.214224669540364e-03	5.243793e-01
1.214524669540365e-03	5.241293e-01
1.214624669540365e-03	5.240471e-01
1.214824669540365e-03	5.238847e-01
1.214953240968936e-03	5.237813e-01
1.215081812397508e-03	5.236785e-01
1.215210383826079e-03	5.235762e-01
1.215338955254651e-03	5.234746e-01
1.215467526683222e-03	5.233736e-01
1.215596098111794e-03	5.232731e-01
1.215724669540365e-03	5.231733e-01
1.215853240968937e-03	5.230743e-01
1.215981812397508e-03	5.229760e-01
1.216110383826080e-03	5.228784e-01
1.216238955254651e-03	5.227813e-01
1.216367526683223e-03	5.226850e-01
1.216496098111794e-03	5.225893e-01
1.216624669540366e-03	5.224942e-01
1.217238955254652e-03	5.220495e-01
1.217853240968938e-03	5.216176e-01
1.218467526683224e-03	5.211988e-01
1.219081812397510e-03	5.207928e-01
1.219696098111796e-03	5.203998e-01
1.220310383826082e-03	5.200197e-01
1.220924669540368e-03	5.196526e-01
1.222267526683226e-03	5.188953e-01
1.223610383826084e-03	5.181814e-01
1.224953240968942e-03	5.175110e-01
1.226296098111800e-03	5.168840e-01
1.227638955254658e-03	5.163006e-01
1.228981812397516e-03	5.157606e-01
1.230324669540374e-03	5.152641e-01
1.231996098111803e-03	5.146928e-01
1.233667526683233e-03	5.141606e-01
1.235338955254662e-03	5.136675e-01
1.237010383826092e-03	5.132135e-01
1.238681812397521e-03	5.127986e-01
1.240353240968951e-03	5.124228e-01
1.242024669540380e-03	5.120860e-01
1.243753240968952e-03	5.117647e-01
1.245481812397525e-03	5.114659e-01
1.247210383826097e-03	5.111897e-01
1.248938955254670e-03	5.109361e-01
1.250667526683242e-03	5.107051e-01
1.252396098111815e-03	5.104966e-01
1.254124669540387e-03	5.103108e-01
1.255881812397531e-03	5.101365e-01
1.257638955254675e-03	5.099747e-01
1.259396098111819e-03	5.098253e-01
1.261153240968962e-03	5.096882e-01
1.262910383826106e-03	5.095636e-01
1.264667526683250e-03	5.094514e-01
1.266424669540394e-03	5.093516e-01
1.268181812397538e-03	5.092595e-01
1.269938955254682e-03	5.091739e-01
1.271696098111826e-03	5.090950e-01
1.273453240968969e-03	5.090225e-01
1.275210383826113e-03	5.089567e-01
1.276967526683257e-03	5.088974e-01
1.278724669540401e-03	5.088446e-01
1.280481812397545e-03	5.087960e-01
1.282238955254689e-03	5.087508e-01
1.283996098111833e-03	5.087090e-01
1.285753240968976e-03	5.086708e-01
1.287510383826120e-03	5.086360e-01
1.289267526683264e-03	5.086046e-01
1.291024669540408e-03	5.085768e-01
1.292781812397552e-03	5.085511e-01
1.294538955254696e-03	5.085272e-01
1.296296098111840e-03	5.085051e-01
1.298053240968983e-03	5.084849e-01
1.299810383826127e-03	5.084665e-01
1.301567526683271e-03	5.084499e-01
1.303324669540415e-03	5.084352e-01
1.304353240968987e-03	5.084270e-01
1.305381812397559e-03	5.084192e-01
1.306410383826131e-03	5.084118e-01
1.307438955254703e-03	5.084047e-01
1.308467526683275e-03	5.083980e-01
1.309496098111847e-03	5.083917e-01
1.310524669540419e-03	5.083858e-01
1.310624669540419e-03	5.083852e-01
1.312381812397563e-03	5.083759e-01
1.314138955254707e-03	5.083673e-01
1.315896098111851e-03	5.083593e-01
1.317653240968994e-03	5.083520e-01
1.319410383826138e-03	5.083453e-01
1.321167526683282e-03	5.083393e-01
1.322924669540426e-03	5.083340e-01
1.324696098111856e-03	5.083290e-01
1.326467526683285e-03	5.083244e-01
1.328238955254715e-03	5.083202e-01
1.330010383826144e-03	5.083163e-01
1.331781812397574e-03	5.083127e-01
1.333553240969003e-03	5.083096e-01
1.335324669540433e-03	5.083067e-01
1.337096098111863e-03	5.083041e-01
1.338867526683292e-03	5.083017e-01
1.340638955254722e-03	5.082995e-01
1.342410383826151e-03	5.082975e-01
1.344181812397581e-03	5.082956e-01
1.345953240969010e-03	5.082939e-01
1.347724669540440e-03	5.082924e-01
1.349510383826155e-03	5.082910e-01
1.351296098111871e-03	5.082898e-01
1.353081812397586e-03	5.082886e-01
1.354867526683301e-03	5.082875e-01
1.356653240969016e-03	5.082865e-01
1.358438955254732e-03	5.082856e-01
1.360224669540447e-03	5.082849e-01
1.362038955254734e-03	5.082841e-01
1.363853240969021e-03	5.082835e-01
1.365667526683307e-03	5.082828e-01
1.367481812397594e-03	5.082823e-01
1.369296098111881e-03	5.082817e-01
1.371110383826168e-03	5.082813e-01
1.372924669540454e-03	5.082809e-01
1.374796098111884e-03	5.082805e-01
1.376667526683314e-03	5.082801e-01
1.378538955254743e-03	5.082798e-01
1.380410383826173e-03	5.082795e-01
1.382281812397602e-03	5.082792e-01
1.384153240969032e-03	5.082789e-01
1.386024669540462e-03	5.082787e-01
1.387981812397606e-03	5.082785e-01
1.389938955254750e-03	5.082784e-01
1.391896098111894e-03	5.082782e-01
1.393853240969037e-03	5.082781e-01
1.395810383826181e-03	5.082779e-01
1.397767526683325e-03	5.082778e-01
1.399724669540469e-03	5.082777e-01
1.401610383826185e-03	5.082776e-01
1.403496098111900e-03	5.082775e-01
1.405381812397616e-03	5.082774e-01
1.407267526683331e-03	5.082773e-01
1.409153240969046e-03	5.082772e-01
1.411038955254762e-03	5.082772e-01
1.412924669540477e-03	5.082771e-01
1.413024669540477e-03	5.082771e-01
1.415496098111907e-03	5.082771e-01
1.417967526683337e-03	5.082770e-01
1.420438955254767e-03	5.082770e-01
1.422910383826197e-03	5.082769e-01
1.425381812397627e-03	5.082769e-01
1.427853240969057e-03	5.082768e-01
1.430324669540487e-03	5.082768e-01
1.433524669540489e-03	5.082768e-01
1.436724669540490e-03	5.082767e-01
1.439924669540492e-03	5.082767e-01
1.443124669540494e-03	5.082767e-01
1.446324669540496e-03	5.082767e-01
1.449524669540498e-03	5.082767e-01
1.452724669540500e-03	5.082766e-01
1.457553240969074e-03	5.082766e-01
1.462381812397648e-03	5.082766e-01
1.467210383826222e-03	5.082766e-01
1.472038955254796e-03	5.082766e-01
1.476867526683370e-03	5.082766e-01
1.481696098111945e-03	5.082766e-01
1.486524669540519e-03	5.082766e-01
1.499924669540526e-03	5.082766e-01
1.500000000000000e-03	5.082766e-01
