time	V(vo)
0.000000000000000e+00	5.034541e+00
9.999999999999999e-06	5.034541e+00
1.000000010000000e-05	5.034541e+00
1.000000030000000e-05	5.034541e+00
1.000000035000000e-05	5.034541e+00
1.000000045000000e-05	5.034541e+00
1.000000065000000e-05	5.034541e+00
1.000000100000000e-05	5.034541e+00
1.000000104000000e-05	5.034541e+00
1.000000112000000e-05	5.034541e+00
1.000000128000000e-05	5.034541e+00
1.000000160000000e-05	5.034541e+00
1.000000224000000e-05	5.034541e+00
1.000000240000000e-05	5.034541e+00
1.000000272000000e-05	5.034541e+00
1.000000336000000e-05	5.034541e+00
1.000000464000000e-05	5.034541e+00
1.000000719999999e-05	5.034541e+00
1.000001231999999e-05	5.034541e+00
1.000002255999998e-05	5.034541e+00
1.000003548181108e-05	5.034541e+00
1.000005035879636e-05	5.034541e+00
1.000007209502667e-05	5.034541e+00
1.000011083692699e-05	5.034541e+00
1.000018137341265e-05	5.034541e+00
1.000032244638397e-05	5.034541e+00
1.000048847102490e-05	5.034541e+00
1.000072162031707e-05	5.034541e+00
1.000103422931395e-05	5.034541e+00
1.000148295430154e-05	5.034541e+00
1.000213005520377e-05	5.034541e+00
1.000336129541115e-05	5.034541e+00
1.000582377582593e-05	5.034541e+00
1.001010405939395e-05	5.034541e+00
1.001439768637816e-05	5.034542e+00
1.002113486009549e-05	5.034543e+00
1.003441914899145e-05	5.034544e+00
1.005529072229527e-05	5.034547e+00
1.009703386890292e-05	5.034558e+00
1.018046006374758e-05	5.034593e+00
1.026941855866667e-05	5.034653e+00
1.036941855866667e-05	5.034749e+00
1.046941855866667e-05	5.034876e+00
1.056941855866667e-05	5.035032e+00
1.066941855866667e-05	5.035215e+00
1.076941855866667e-05	5.035423e+00
1.086941855866667e-05	5.035655e+00
1.096941855866667e-05	5.035908e+00
1.106941855866667e-05	5.036181e+00
1.126941855866667e-05	5.036780e+00
1.146941855866668e-05	5.037440e+00
1.166941855866668e-05	5.038153e+00
1.196941855866668e-05	5.039302e+00
1.226941855866668e-05	5.040528e+00
1.251227570152383e-05	5.041577e+00
1.275513284438097e-05	5.042644e+00
1.299798998723812e-05	5.043731e+00
1.324084713009526e-05	5.044837e+00
1.348370427295241e-05	5.045962e+00
1.372656141580955e-05	5.047105e+00
1.396941855866669e-05	5.048268e+00
1.445513284438098e-05	5.050610e+00
1.494084713009526e-05	5.052954e+00
1.542656141580955e-05	5.055298e+00
1.591227570152383e-05	5.057644e+00
1.639798998723811e-05	5.059991e+00
1.688370427295240e-05	5.062339e+00
1.736941855866668e-05	5.064688e+00
1.914084713009524e-05	5.073174e+00
2.091227570152379e-05	5.081438e+00
2.268370427295235e-05	5.089481e+00
2.445513284438090e-05	5.097301e+00
2.622656141580946e-05	5.104900e+00
2.799798998723801e-05	5.112276e+00
2.976941855866656e-05	5.119431e+00
3.166941855866661e-05	5.126761e+00
3.356941855866665e-05	5.133757e+00
3.546941855866669e-05	5.140419e+00
3.736941855866674e-05	5.146747e+00
3.926941855866678e-05	5.152740e+00
4.116941855866682e-05	5.158398e+00
4.306941855866686e-05	5.163722e+00
4.554084713009550e-05	5.170095e+00
4.801227570152412e-05	5.176017e+00
5.048370427295276e-05	5.181487e+00
5.295513284438139e-05	5.186505e+00
5.542656141581002e-05	5.191072e+00
5.789798998723866e-05	5.195187e+00
6.036941855866728e-05	5.198850e+00
6.284084713009592e-05	5.202182e+00
6.531227570152455e-05	5.205260e+00
6.778370427295317e-05	5.208084e+00
7.025513284438181e-05	5.210654e+00
7.272656141581044e-05	5.212971e+00
7.519798998723907e-05	5.215033e+00
7.766941855866770e-05	5.216841e+00
7.992656141581060e-05	5.218361e+00
8.218370427295352e-05	5.219771e+00
8.444084713009643e-05	5.221071e+00
8.669798998723935e-05	5.222262e+00
8.895513284438225e-05	5.223342e+00
9.121227570152517e-05	5.224312e+00
9.346941855866808e-05	5.225173e+00
9.686941855866816e-05	5.226358e+00
9.696941855866817e-05	5.226390e+00
9.918370427295394e-05	5.227063e+00
1.013979899872397e-04	5.227688e+00
1.036122757015255e-04	5.228264e+00
1.058265614158112e-04	5.228793e+00
1.080408471300970e-04	5.229273e+00
1.102551328443828e-04	5.229705e+00
1.124694185586685e-04	5.230089e+00
1.146694185586686e-04	5.230441e+00
1.168694185586686e-04	5.230767e+00
1.190694185586687e-04	5.231069e+00
1.212694185586688e-04	5.231345e+00
1.234694185586688e-04	5.231597e+00
1.256694185586689e-04	5.231823e+00
1.278694185586689e-04	5.232024e+00
1.300694185586690e-04	5.232210e+00
1.322694185586690e-04	5.232382e+00
1.344694185586691e-04	5.232541e+00
1.366694185586691e-04	5.232687e+00
1.388694185586692e-04	5.232820e+00
1.410694185586692e-04	5.232939e+00
1.432694185586693e-04	5.233046e+00
1.454837042729550e-04	5.233144e+00
1.476979899872408e-04	5.233236e+00
1.499122757015266e-04	5.233320e+00
1.521265614158124e-04	5.233398e+00
1.543408471300981e-04	5.233468e+00
1.565551328443839e-04	5.233531e+00
1.587694185586697e-04	5.233587e+00
1.609837042729554e-04	5.233639e+00
1.631979899872412e-04	5.233687e+00
1.654122757015270e-04	5.233731e+00
1.676265614158127e-04	5.233772e+00
1.698408471300985e-04	5.233809e+00
1.720551328443843e-04	5.233842e+00
1.742694185586700e-04	5.233872e+00
1.764979899872415e-04	5.233899e+00
1.787265614158130e-04	5.233925e+00
1.809551328443845e-04	5.233948e+00
1.831837042729560e-04	5.233970e+00
1.854122757015275e-04	5.233989e+00
1.876408471300989e-04	5.234007e+00
1.898694185586704e-04	5.234022e+00
1.912122757015276e-04	5.234031e+00
1.925551328443848e-04	5.234039e+00
1.938979899872420e-04	5.234047e+00
1.952408471300991e-04	5.234055e+00
1.965837042729563e-04	5.234062e+00
1.979265614158135e-04	5.234069e+00
1.992694185586707e-04	5.234076e+00
1.993694185586707e-04	5.234076e+00
2.016694185586707e-04	5.234086e+00
2.039694185586708e-04	5.234095e+00
2.062694185586708e-04	5.234104e+00
2.085694185586709e-04	5.234111e+00
2.108694185586709e-04	5.234118e+00
2.131694185586710e-04	5.234124e+00
2.154694185586710e-04	5.234130e+00
2.178551328443854e-04	5.234135e+00
2.202408471300997e-04	5.234140e+00
2.226265614158141e-04	5.234145e+00
2.250122757015284e-04	5.234149e+00
2.273979899872428e-04	5.234152e+00
2.297837042729571e-04	5.234156e+00
2.321694185586715e-04	5.234159e+00
2.347265614158144e-04	5.234161e+00
2.372837042729573e-04	5.234164e+00
2.398408471301002e-04	5.234166e+00
2.423979899872431e-04	5.234169e+00
2.449551328443860e-04	5.234170e+00
2.475122757015290e-04	5.234172e+00
2.500694185586719e-04	5.234173e+00
2.529551328443862e-04	5.234175e+00
2.558408471301006e-04	5.234176e+00
2.587265614158150e-04	5.234177e+00
2.616122757015293e-04	5.234179e+00
2.644979899872437e-04	5.234180e+00
2.673837042729580e-04	5.234181e+00
2.702694185586724e-04	5.234181e+00
2.738408471301011e-04	5.234182e+00
2.774122757015297e-04	5.234183e+00
2.809837042729584e-04	5.234184e+00
2.845551328443870e-04	5.234184e+00
2.881265614158157e-04	5.234185e+00
2.916979899872444e-04	5.234185e+00
2.952694185586730e-04	5.234185e+00
3.017694185586731e-04	5.234186e+00
3.073408471301019e-04	5.234186e+00
3.129122757015305e-04	5.234186e+00
3.184837042729593e-04	5.234186e+00
3.240551328443880e-04	5.234186e+00
3.296265614158167e-04	5.234186e+00
3.351979899872454e-04	5.234187e+00
3.407694185586741e-04	5.234187e+00
3.498122757015314e-04	5.234187e+00
3.588551328443888e-04	5.234187e+00
3.678979899872462e-04	5.234187e+00
3.769408471301036e-04	5.234187e+00
3.859837042729609e-04	5.234187e+00
3.950265614158183e-04	5.234187e+00
4.040694185586756e-04	5.234187e+00
4.041694185586756e-04	5.234187e+00
4.099388361173516e-04	5.234187e+00
4.100000010000000e-04	5.234187e+00
4.100000011000000e-04	5.234187e+00
4.100000013000000e-04	5.234187e+00
4.100000017000000e-04	5.234187e+00
4.100000020000000e-04	5.234187e+00
4.100000020800000e-04	5.234187e+00
4.100000022400000e-04	5.234187e+00
4.100000025600000e-04	5.234187e+00
4.100000032000000e-04	5.234187e+00
4.100000044800000e-04	5.234187e+00
4.100000048000000e-04	5.234187e+00
4.100000054399999e-04	5.234187e+00
4.100000067199999e-04	5.234187e+00
4.100000092799999e-04	5.234187e+00
4.100000143999999e-04	5.234187e+00
4.100000246399999e-04	5.234187e+00
4.100000374937010e-04	5.234187e+00
4.100000530732763e-04	5.234187e+00
4.100000759910545e-04	5.234187e+00
4.100001170918093e-04	5.234187e+00
4.100001930559209e-04	5.234187e+00
4.100003449841440e-04	5.234187e+00
4.100005093897864e-04	5.234187e+00
4.100007566874600e-04	5.234187e+00
4.100010827531047e-04	5.234187e+00
4.100015680074492e-04	5.234187e+00
4.100022653926447e-04	5.234187e+00
4.100036601630357e-04	5.234187e+00
4.100064497038176e-04	5.234187e+00
4.100114629007374e-04	5.234186e+00
4.100164773657664e-04	5.234186e+00
4.100248044183355e-04	5.234185e+00
4.100401734031630e-04	5.234183e+00
4.100654340859747e-04	5.234178e+00
4.101159554515980e-04	5.234162e+00
4.101864989132257e-04	5.234126e+00
4.102682313194661e-04	5.234062e+00
4.103682313194661e-04	5.233955e+00
4.104682313194661e-04	5.233818e+00
4.105682313194661e-04	5.233653e+00
4.106682313194661e-04	5.233460e+00
4.107682313194661e-04	5.233244e+00
4.108682313194661e-04	5.233006e+00
4.109682313194661e-04	5.232747e+00
4.110682313194661e-04	5.232470e+00
4.111682313194661e-04	5.232174e+00
4.112682313194661e-04	5.231863e+00
4.113682313194661e-04	5.231537e+00
4.115682313194661e-04	5.230846e+00
4.118682313194662e-04	5.229725e+00
4.121682313194662e-04	5.228525e+00
4.124110884623233e-04	5.227496e+00
4.126539456051804e-04	5.226446e+00
4.128968027480376e-04	5.225377e+00
4.131396598908948e-04	5.224287e+00
4.133825170337519e-04	5.223178e+00
4.136253741766091e-04	5.222049e+00
4.138682313194662e-04	5.220900e+00
4.143396598908948e-04	5.218652e+00
4.148110884623234e-04	5.216403e+00
4.152825170337520e-04	5.214151e+00
4.157539456051805e-04	5.211897e+00
4.162253741766091e-04	5.209640e+00
4.166968027480377e-04	5.207382e+00
4.171682313194663e-04	5.205121e+00
4.189825170337521e-04	5.196498e+00
4.207968027480378e-04	5.188101e+00
4.226110884623235e-04	5.179932e+00
4.244253741766093e-04	5.171989e+00
4.262396598908951e-04	5.164274e+00
4.280539456051808e-04	5.156785e+00
4.298682313194666e-04	5.149523e+00
4.317825170337524e-04	5.142203e+00
4.336968027480381e-04	5.135215e+00
4.356110884623239e-04	5.128557e+00
4.375253741766096e-04	5.122231e+00
4.394396598908954e-04	5.116236e+00
4.413539456051811e-04	5.110572e+00
4.432682313194669e-04	5.105238e+00
4.457825170337527e-04	5.098790e+00
4.482968027480384e-04	5.092801e+00
4.508110884623242e-04	5.087271e+00
4.533253741766100e-04	5.082199e+00
4.558396598908958e-04	5.077585e+00
4.583539456051816e-04	5.073431e+00
4.608682313194673e-04	5.069735e+00
4.633825170337531e-04	5.066377e+00
4.658968027480389e-04	5.063277e+00
4.684110884623247e-04	5.060434e+00
4.709253741766105e-04	5.057850e+00
4.734396598908962e-04	5.055525e+00
4.759539456051820e-04	5.053457e+00
4.784682313194678e-04	5.051647e+00
4.807396598908959e-04	5.050142e+00
4.830110884623241e-04	5.048746e+00
4.852825170337523e-04	5.047460e+00
4.875539456051804e-04	5.046282e+00
4.898253741766086e-04	5.045214e+00
4.920968027480368e-04	5.044254e+00
4.943682313194649e-04	5.043404e+00
4.955968027480357e-04	5.042967e+00
4.968253741766065e-04	5.042549e+00
4.980539456051773e-04	5.042150e+00
4.992825170337480e-04	5.041770e+00
5.005110884623189e-04	5.041410e+00
5.017396598908896e-04	5.041069e+00
5.029682313194605e-04	5.040747e+00
5.030682313194604e-04	5.040721e+00
5.052825170337449e-04	5.040188e+00
5.074968027480296e-04	5.039693e+00
5.097110884623141e-04	5.039237e+00
5.119253741765987e-04	5.038818e+00
5.141396598908832e-04	5.038437e+00
5.163539456051678e-04	5.038095e+00
5.185682313194524e-04	5.037791e+00
5.207825170337369e-04	5.037510e+00
5.229968027480216e-04	5.037250e+00
5.252110884623061e-04	5.037009e+00
5.274253741765906e-04	5.036789e+00
5.296396598908752e-04	5.036589e+00
5.318539456051598e-04	5.036409e+00
5.340682313194443e-04	5.036249e+00
5.362825170337289e-04	5.036102e+00
5.384968027480135e-04	5.035965e+00
5.407110884622981e-04	5.035838e+00
5.429253741765826e-04	5.035722e+00
5.451396598908671e-04	5.035617e+00
5.473539456051518e-04	5.035523e+00
5.495682313194363e-04	5.035439e+00
5.517825170337209e-04	5.035361e+00
5.539968027480055e-04	5.035289e+00
5.562110884622900e-04	5.035223e+00
5.584253741765746e-04	5.035162e+00
5.606396598908591e-04	5.035107e+00
5.628539456051438e-04	5.035057e+00
5.650682313194283e-04	5.035013e+00
5.672968027479986e-04	5.034972e+00
5.695253741765688e-04	5.034934e+00
5.717539456051392e-04	5.034899e+00
5.739825170337094e-04	5.034866e+00
5.762110884622797e-04	5.034837e+00
5.784396598908499e-04	5.034811e+00
5.806682313194202e-04	5.034788e+00
5.829110884622762e-04	5.034766e+00
5.851539456051322e-04	5.034746e+00
5.873968027479882e-04	5.034728e+00
5.896396598908441e-04	5.034711e+00
5.918825170337001e-04	5.034695e+00
5.941253741765561e-04	5.034682e+00
5.963682313194121e-04	5.034669e+00
5.976539456051257e-04	5.034663e+00
5.989396598908393e-04	5.034656e+00
6.002253741765529e-04	5.034650e+00
6.015110884622666e-04	5.034645e+00
6.027968027479802e-04	5.034639e+00
6.040825170336938e-04	5.034634e+00
6.053682313194074e-04	5.034629e+00
6.054682313194074e-04	5.034629e+00
6.077968027479776e-04	5.034621e+00
6.101253741765478e-04	5.034614e+00
6.124539456051181e-04	5.034607e+00
6.147825170336882e-04	5.034601e+00
6.171110884622585e-04	5.034595e+00
6.194396598908287e-04	5.034590e+00
6.217682313193989e-04	5.034585e+00
6.241968027479692e-04	5.034581e+00
6.266253741765393e-04	5.034577e+00
6.290539456051095e-04	5.034574e+00
6.314825170336796e-04	5.034571e+00
6.339110884622498e-04	5.034568e+00
6.363396598908199e-04	5.034565e+00
6.387682313193901e-04	5.034563e+00
6.414110884622459e-04	5.034560e+00
6.440539456051017e-04	5.034558e+00
6.466968027479575e-04	5.034556e+00
6.493396598908132e-04	5.034555e+00
6.519825170336690e-04	5.034553e+00
6.546253741765248e-04	5.034552e+00
6.572682313193806e-04	5.034551e+00
6.603396598908075e-04	5.034550e+00
6.634110884622345e-04	5.034549e+00
6.664825170336615e-04	5.034548e+00
6.695539456050885e-04	5.034547e+00
6.726253741765154e-04	5.034546e+00
6.756968027479425e-04	5.034545e+00
6.787682313193694e-04	5.034544e+00
6.827253741765102e-04	5.034544e+00
6.866825170336510e-04	5.034544e+00
6.906396598907918e-04	5.034543e+00
6.945968027479327e-04	5.034543e+00
6.985539456050735e-04	5.034542e+00
7.025110884622143e-04	5.034542e+00
7.064682313193551e-04	5.034542e+00
7.078682313193544e-04	5.034542e+00
7.139539456050655e-04	5.034541e+00
7.200396598907766e-04	5.034541e+00
7.261253741764877e-04	5.034541e+00
7.322110884621989e-04	5.034541e+00
7.382968027479101e-04	5.034541e+00
7.443825170336211e-04	5.034541e+00
7.504682313193323e-04	5.034541e+00
7.589636929363710e-04	5.034541e+00
7.674591545534096e-04	5.034541e+00
7.759546161704484e-04	5.034541e+00
7.844500777874870e-04	5.034541e+00
7.929455394045257e-04	5.034541e+00
8.014410010215644e-04	5.034541e+00
8.099364626386030e-04	5.034541e+00
8.100000000000000e-04	5.034541e+00
8.100000000999999e-04	5.034541e+00
8.100000002999999e-04	5.034541e+00
8.100000003499999e-04	5.034541e+00
8.100000004499999e-04	5.034541e+00
8.100000006499999e-04	5.034541e+00
8.100000010000000e-04	5.034541e+00
8.100000010400000e-04	5.034541e+00
8.100000011200000e-04	5.034541e+00
8.100000012800000e-04	5.034541e+00
8.100000016000000e-04	5.034541e+00
8.100000022400000e-04	5.034541e+00
8.100000024000001e-04	5.034541e+00
8.100000027200001e-04	5.034541e+00
8.100000033600001e-04	5.034541e+00
8.100000046400000e-04	5.034541e+00
8.100000072000000e-04	5.034541e+00
8.100000123200000e-04	5.034541e+00
8.100000225599999e-04	5.034541e+00
8.100000354820637e-04	5.034541e+00
8.100000503590734e-04	5.034541e+00
8.100000720955796e-04	5.034541e+00
8.100001108374268e-04	5.034541e+00
8.100001813754312e-04	5.034541e+00
8.100003224514402e-04	5.034541e+00
8.100004884757433e-04	5.034541e+00
8.100007216279005e-04	5.034541e+00
8.100010342390260e-04	5.034541e+00
8.100014829693775e-04	5.034541e+00
8.100021300771601e-04	5.034541e+00
8.100033613464782e-04	5.034541e+00
8.100058238851147e-04	5.034541e+00
8.100101041245599e-04	5.034541e+00
8.100143978202561e-04	5.034542e+00
8.100211350073697e-04	5.034543e+00
8.100344199502059e-04	5.034544e+00
8.100552915587327e-04	5.034547e+00
8.100970347757865e-04	5.034558e+00
8.101804611404264e-04	5.034593e+00
8.102694202717176e-04	5.034653e+00
8.103694202717175e-04	5.034749e+00
8.104694202717175e-04	5.034876e+00
8.105694202717174e-04	5.035032e+00
8.106694202717174e-04	5.035215e+00
8.107694202717173e-04	5.035423e+00
8.108694202717173e-04	5.035655e+00
8.109694202717172e-04	5.035908e+00
8.110694202717171e-04	5.036181e+00
8.112694202717170e-04	5.036780e+00
8.114694202717169e-04	5.037440e+00
8.116694202717168e-04	5.038153e+00
8.119694202717167e-04	5.039302e+00
8.122694202717165e-04	5.040528e+00
8.125122774145736e-04	5.041577e+00
8.127551345574306e-04	5.042644e+00
8.129979917002876e-04	5.043731e+00
8.132408488431446e-04	5.044837e+00
8.134837059860016e-04	5.045962e+00
8.137265631288586e-04	5.047105e+00
8.139694202717156e-04	5.048268e+00
8.144551345574297e-04	5.050610e+00
8.149408488431437e-04	5.052954e+00
8.154265631288577e-04	5.055298e+00
8.159122774145718e-04	5.057644e+00
8.163979917002859e-04	5.059991e+00
8.168837059859998e-04	5.062339e+00
8.173694202717139e-04	5.064688e+00
8.191408488431415e-04	5.073174e+00
8.209122774145692e-04	5.081439e+00
8.226837059859968e-04	5.089481e+00
8.244551345574245e-04	5.097302e+00
8.262265631288521e-04	5.104900e+00
8.279979917002799e-04	5.112276e+00
8.297694202717075e-04	5.119431e+00
8.316694202717065e-04	5.126761e+00
8.335694202717055e-04	5.133757e+00
8.354694202717045e-04	5.140419e+00
8.373694202717035e-04	5.146747e+00
8.392694202717025e-04	5.152740e+00
8.411694202717016e-04	5.158398e+00
8.430694202717006e-04	5.163722e+00
8.455408488431278e-04	5.170095e+00
8.480122774145552e-04	5.176017e+00
8.504837059859824e-04	5.181487e+00
8.529551345574098e-04	5.186505e+00
8.554265631288370e-04	5.191072e+00
8.578979917002644e-04	5.195187e+00
8.603694202716916e-04	5.198850e+00
8.628408488431189e-04	5.202182e+00
8.653122774145462e-04	5.205260e+00
8.677837059859735e-04	5.208084e+00
8.702551345574008e-04	5.210654e+00
8.727265631288281e-04	5.212971e+00
8.751979917002554e-04	5.215033e+00
8.776694202716827e-04	5.216841e+00
8.799265631288243e-04	5.218361e+00
8.821837059859660e-04	5.219771e+00
8.844408488431077e-04	5.221071e+00
8.866979917002495e-04	5.222262e+00
8.889551345573911e-04	5.223342e+00
8.912122774145328e-04	5.224312e+00
8.934694202716745e-04	5.225173e+00
8.956551345573877e-04	5.225941e+00
8.978408488431007e-04	5.226655e+00
9.000265631288139e-04	5.227315e+00
9.022122774145271e-04	5.227920e+00
9.043979917002403e-04	5.228470e+00
9.065837059859534e-04	5.228967e+00
9.087694202716666e-04	5.229409e+00
9.088694202716665e-04	5.229429e+00
9.110694202716654e-04	5.229837e+00
9.132694202716642e-04	5.230216e+00
9.154694202716631e-04	5.230566e+00
9.176694202716620e-04	5.230887e+00
9.198694202716608e-04	5.231179e+00
9.220694202716597e-04	5.231442e+00
9.242694202716585e-04	5.231676e+00
9.264694202716574e-04	5.231891e+00
9.286694202716563e-04	5.232091e+00
9.308694202716551e-04	5.232276e+00
9.330694202716540e-04	5.232446e+00
9.352694202716528e-04	5.232600e+00
9.374694202716517e-04	5.232739e+00
9.396694202716506e-04	5.232862e+00
9.418837059859351e-04	5.232976e+00
9.440979917002197e-04	5.233082e+00
9.463122774145043e-04	5.233180e+00
9.485265631287888e-04	5.233270e+00
9.507408488430734e-04	5.233352e+00
9.529551345573580e-04	5.233425e+00
9.551694202716425e-04	5.233490e+00
9.573837059859271e-04	5.233551e+00
9.595979917002117e-04	5.233606e+00
9.618122774144963e-04	5.233658e+00
9.640265631287808e-04	5.233705e+00
9.662408488430653e-04	5.233748e+00
9.684551345573500e-04	5.233787e+00
9.706694202716345e-04	5.233821e+00
9.728979917002063e-04	5.233853e+00
9.751265631287781e-04	5.233882e+00
9.773551345573499e-04	5.233910e+00
9.795837059859216e-04	5.233935e+00
9.818122774144934e-04	5.233957e+00
9.840408488430653e-04	5.233978e+00
9.862694202716371e-04	5.233995e+00
9.885265631287812e-04	5.234012e+00
9.907837059859254e-04	5.234028e+00
9.930408488430696e-04	5.234043e+00
9.952979917002135e-04	5.234056e+00
9.975551345573577e-04	5.234068e+00
9.998122774145018e-04	5.234078e+00
1.002069420271646e-03	5.234087e+00
1.003369420271647e-03	5.234093e+00
1.004669420271647e-03	5.234098e+00
1.005969420271648e-03	5.234102e+00
1.007269420271649e-03	5.234107e+00
1.008569420271650e-03	5.234111e+00
1.009869420271650e-03	5.234115e+00
1.011169420271651e-03	5.234119e+00
1.011269420271651e-03	5.234119e+00
1.013626563128795e-03	5.234126e+00
1.015983705985940e-03	5.234131e+00
1.018340848843084e-03	5.234137e+00
1.020697991700228e-03	5.234141e+00
1.023055134557372e-03	5.234146e+00
1.025412277414516e-03	5.234149e+00
1.027769420271661e-03	5.234153e+00
1.030269420271662e-03	5.234156e+00
1.032769420271663e-03	5.234159e+00
1.035269420271665e-03	5.234162e+00
1.037769420271666e-03	5.234165e+00
1.040269420271668e-03	5.234167e+00
1.042769420271669e-03	5.234169e+00
1.045269420271670e-03	5.234170e+00
1.048055134557386e-03	5.234172e+00
1.050840848843102e-03	5.234174e+00
1.053626563128818e-03	5.234175e+00
1.056412277414534e-03	5.234177e+00
1.059197991700250e-03	5.234178e+00
1.061983705985966e-03	5.234179e+00
1.064769420271682e-03	5.234179e+00
1.068112277414541e-03	5.234181e+00
1.071455134557400e-03	5.234182e+00
1.074797991700259e-03	5.234182e+00
1.078140848843118e-03	5.234183e+00
1.081483705985977e-03	5.234184e+00
1.084826563128836e-03	5.234184e+00
1.088169420271695e-03	5.234184e+00
1.091797991700268e-03	5.234185e+00
1.095426563128842e-03	5.234185e+00
1.099055134557415e-03	5.234185e+00
1.102683705985989e-03	5.234185e+00
1.106312277414562e-03	5.234186e+00
1.109940848843136e-03	5.234186e+00
1.113569420271709e-03	5.234186e+00
1.113669420271709e-03	5.234186e+00
1.120440848843142e-03	5.234186e+00
1.127212277414574e-03	5.234186e+00
1.133983705986007e-03	5.234187e+00
1.140755134557439e-03	5.234187e+00
1.147526563128871e-03	5.234187e+00
1.154297991700304e-03	5.234187e+00
1.161069420271736e-03	5.234187e+00
1.168050765881992e-03	5.234187e+00
1.175032111492248e-03	5.234187e+00
1.182013457102504e-03	5.234187e+00
1.188994802712760e-03	5.234187e+00
1.195976148323016e-03	5.234187e+00
1.202957493933272e-03	5.234187e+00
1.209938839543528e-03	5.234187e+00
1.210000001000000e-03	5.234187e+00
1.210000001100000e-03	5.234187e+00
1.210000001300000e-03	5.234187e+00
1.210000001700000e-03	5.234187e+00
1.210000002000000e-03	5.234187e+00
1.210000002080000e-03	5.234187e+00
1.210000002240000e-03	5.234187e+00
1.210000002560000e-03	5.234187e+00
1.210000003200000e-03	5.234187e+00
1.210000004480000e-03	5.234187e+00
1.210000004800000e-03	5.234187e+00
1.210000005440000e-03	5.234187e+00
1.210000006720000e-03	5.234187e+00
1.210000009280000e-03	5.234187e+00
1.210000014400000e-03	5.234187e+00
1.210000024640000e-03	5.234187e+00
1.210000037493701e-03	5.234187e+00
1.210000053073277e-03	5.234187e+00
1.210000075991055e-03	5.234187e+00
1.210000117091810e-03	5.234187e+00
1.210000193055922e-03	5.234187e+00
1.210000344984145e-03	5.234187e+00
1.210000509389788e-03	5.234187e+00
1.210000756687462e-03	5.234187e+00
1.210001082753108e-03	5.234187e+00
1.210001568007453e-03	5.234187e+00
1.210002265392651e-03	5.234187e+00
1.210003660163046e-03	5.234187e+00
1.210006449703835e-03	5.234187e+00
1.210011462900757e-03	5.234186e+00
1.210016477365794e-03	5.234186e+00
1.210024804418376e-03	5.234185e+00
1.210040173403305e-03	5.234183e+00
1.210065434086108e-03	5.234178e+00
1.210115955451713e-03	5.234162e+00
1.210186498913315e-03	5.234126e+00
1.210268231319524e-03	5.234062e+00
1.210368231319524e-03	5.233955e+00
1.210468231319524e-03	5.233818e+00
1.210568231319524e-03	5.233653e+00
1.210668231319524e-03	5.233460e+00
1.210768231319524e-03	5.233244e+00
1.210868231319524e-03	5.233006e+00
1.210968231319524e-03	5.232747e+00
1.211068231319524e-03	5.232470e+00
1.211168231319524e-03	5.232174e+00
1.211268231319524e-03	5.231863e+00
1.211368231319525e-03	5.231537e+00
1.211568231319525e-03	5.230846e+00
1.211868231319525e-03	5.229725e+00
1.212168231319525e-03	5.228525e+00
1.212568231319525e-03	5.226831e+00
1.212853945605240e-03	5.225559e+00
1.213139659890954e-03	5.224271e+00
1.213425374176669e-03	5.222965e+00
1.213711088462383e-03	5.221643e+00
1.213996802748097e-03	5.220304e+00
1.214282517033812e-03	5.218949e+00
1.214568231319526e-03	5.217577e+00
1.215225374176670e-03	5.214412e+00
1.215882517033813e-03	5.211260e+00
1.216539659890956e-03	5.208120e+00
1.217196802748099e-03	5.204991e+00
1.217853945605242e-03	5.201875e+00
1.218511088462386e-03	5.198771e+00
1.219168231319529e-03	5.195679e+00
1.220911088462387e-03	5.187588e+00
1.222653945605245e-03	5.179722e+00
1.224396802748103e-03	5.172080e+00
1.226139659890962e-03	5.164664e+00
1.227882517033820e-03	5.157473e+00
1.229625374176678e-03	5.150507e+00
1.231368231319536e-03	5.143765e+00
1.233396802748108e-03	5.136294e+00
1.235425374176681e-03	5.129193e+00
1.237453945605254e-03	5.122463e+00
1.239482517033826e-03	5.116104e+00
1.241511088462399e-03	5.110116e+00
1.243539659890971e-03	5.104498e+00
1.245568231319544e-03	5.099252e+00
1.248153945605260e-03	5.093136e+00
1.250739659890975e-03	5.087472e+00
1.253325374176691e-03	5.082262e+00
1.255911088462407e-03	5.077504e+00
1.258496802748123e-03	5.073199e+00
1.261082517033838e-03	5.069346e+00
1.263668231319554e-03	5.065947e+00
1.266111088462413e-03	5.063019e+00
1.268553945605271e-03	5.060312e+00
1.270996802748130e-03	5.057827e+00
1.273439659890988e-03	5.055563e+00
1.275882517033847e-03	5.053520e+00
1.278325374176705e-03	5.051698e+00
1.280768231319564e-03	5.050098e+00
1.283025374176708e-03	5.048736e+00
1.285282517033852e-03	5.047473e+00
1.287539659890996e-03	5.046308e+00
1.289796802748140e-03	5.045242e+00
1.292053945605284e-03	5.044273e+00
1.294311088462429e-03	5.043404e+00
1.296568231319573e-03	5.042632e+00
1.298782517033860e-03	5.041935e+00
1.300996802748147e-03	5.041287e+00
1.303211088462434e-03	5.040689e+00
1.305425374176721e-03	5.040141e+00
1.307639659891008e-03	5.039643e+00
1.309853945605295e-03	5.039195e+00
1.312068231319582e-03	5.038796e+00
1.314968231319583e-03	5.038314e+00
1.317182517033870e-03	5.037988e+00
1.319396802748157e-03	5.037686e+00
1.321611088462444e-03	5.037407e+00
1.323825374176731e-03	5.037151e+00
1.326039659891018e-03	5.036919e+00
1.328253945605305e-03	5.036710e+00
1.330468231319592e-03	5.036524e+00
1.332682517033879e-03	5.036353e+00
1.334896802748166e-03	5.036194e+00
1.337111088462453e-03	5.036048e+00
1.339325374176740e-03	5.035913e+00
1.341539659891027e-03	5.035791e+00
1.343753945605314e-03	5.035681e+00
1.345968231319601e-03	5.035583e+00
1.348182517033888e-03	5.035493e+00
1.350396802748175e-03	5.035410e+00
1.352611088462462e-03	5.035333e+00
1.354825374176749e-03	5.035262e+00
1.357039659891036e-03	5.035198e+00
1.359253945605322e-03	5.035140e+00
1.361468231319610e-03	5.035089e+00
1.363682517033897e-03	5.035041e+00
1.365896802748183e-03	5.034997e+00
1.368111088462470e-03	5.034957e+00
1.370325374176757e-03	5.034920e+00
1.372539659891044e-03	5.034886e+00
1.374753945605331e-03	5.034856e+00
1.376968231319618e-03	5.034829e+00
1.379211088462477e-03	5.034803e+00
1.381453945605335e-03	5.034780e+00
1.383696802748193e-03	5.034759e+00
1.385939659891052e-03	5.034739e+00
1.388182517033910e-03	5.034721e+00
1.390425374176769e-03	5.034705e+00
1.392668231319627e-03	5.034691e+00
1.394939659891057e-03	5.034678e+00
1.397211088462487e-03	5.034665e+00
1.399482517033917e-03	5.034654e+00
1.401753945605347e-03	5.034643e+00
1.404025374176777e-03	5.034634e+00
1.406296802748206e-03	5.034625e+00
1.408568231319636e-03	5.034618e+00
1.409811088462494e-03	5.034614e+00
1.411053945605352e-03	5.034611e+00
1.412296802748210e-03	5.034607e+00
1.413539659891068e-03	5.034604e+00
1.414782517033926e-03	5.034601e+00
1.416025374176783e-03	5.034598e+00
1.417268231319641e-03	5.034595e+00
1.417368231319641e-03	5.034595e+00
1.419768231319643e-03	5.034589e+00
1.422168231319644e-03	5.034585e+00
1.424568231319645e-03	5.034580e+00
1.426968231319647e-03	5.034576e+00
1.429368231319648e-03	5.034573e+00
1.431768231319649e-03	5.034570e+00
1.434168231319651e-03	5.034567e+00
1.436739659891081e-03	5.034565e+00
1.439311088462511e-03	5.034562e+00
1.441882517033941e-03	5.034560e+00
1.444453945605371e-03	5.034558e+00
1.447025374176801e-03	5.034556e+00
1.449596802748231e-03	5.034554e+00
1.452168231319661e-03	5.034553e+00
1.455096802748234e-03	5.034552e+00
1.458025374176807e-03	5.034550e+00
1.460953945605380e-03	5.034549e+00
1.463882517033953e-03	5.034548e+00
1.466811088462526e-03	5.034547e+00
1.469739659891100e-03	5.034547e+00
1.472668231319673e-03	5.034546e+00
1.476325374176817e-03	5.034545e+00
1.479982517033962e-03	5.034544e+00
1.483639659891107e-03	5.034544e+00
1.487296802748252e-03	5.034543e+00
1.490953945605397e-03	5.034543e+00
1.494611088462542e-03	5.034543e+00
1.498268231319687e-03	5.034543e+00
1.499968231319688e-03	5.034542e+00
1.500000000000000e-03	5.034542e+00
